357
707
845
856
2024
2127
2145
1821
549
2155
491
1104
661
1433
2053
1330
1168
1010
993
883
1812
2220
2409
1026
2050
2444
552
2459
994
1402
390
1423
615
1730
350
585
1008
462
1548
971
773
1494
1757
724
2374
2099
767
204
1949
632
88
1128
208
799
2352
1179
629
749
1096
296
906
1630
1472
2334
1282
33
324
414
869
1205
10
286
1420
913
1277
722
2356
588
1962
991
1603
809
1883
1207
1647
35
642
1191
1838
1258
1567
684
1854
1167
1114
30
1092
2349
1113
1556
1874
2023
1999
812
1658
335
850
820
1085
2225
2299
628
312
536
1527
2114
560
50
1544
2219
83
2265
526
571
1892
250
1464
2208
1858
1352
694
733
153
151
152
150
70
1996
355
29
1775
2122
366
1932
981
478
427
748
2009
226
719
1257
776
577
538
1569
339
2066
718
2131
1004
715
1432
797
826
463
188
98
59
685
1088
333
224
1239
1536
948
285
1074
512
1333
1259
2236
373
218
2087
1335
530
1246
1633
503
23
1752
2246
1877
778
510
1154
1653
2079
483
631
1044
260
1693
1665
1091
924
1366
946
882
620
496
2282
1529
383
1175
274
1047
2002
1225
323
37
123
211
2202
1260
2010
259
958
315
306
305
273
1173
1095
818
76
473
1155
2028
2019
1305
1227
2180
2128
1704
2043
82
1674
94
2120
1075
781
662
800
1359
497
788
1583
692
423
1871
351
1271
1336
712
1373
744
141
2215
2205
645
217
1605
1800
887
1718
1045
303
1601
518
1640
2165
1034
977
793
1786
2358
920
185
1363
555
7
84
2438
1242
362
1105
436
854
755
349
1209
968
1055
878
215
205
1409
1649
1866
338
40
1378
2441
914
860
194
1565
365
326
1069
544
2443
1012
1109
117
1052
410
2076
1831
966
791
384
2238
1108
176
2337
403
606
2044
2460
1011
307
1202
2281
1262
2029
1076
246
849
421
1240
1819
1897
2138
2149
974
1186
2254
231
2364
1275
27
309
871
1156
288
2355
19
1728
1689
641
524
459
1243
2228
558
174
616
609
1486
1471
951
1575
2139
314
416
2153
438
802
2427
81
2421
1037
140
1957
2013
2305
487
736
1115
112
308
763
630
233
2103
444
442
446
14
933
1899
1403
699
377
258
142
209
1139
961
1458
243
2315
831
2052
1248
1307
1051
756
336
337
445
1470
708
1740
1043
139
540
199
774
465
236
1787
120
529
2226
319
1316
252
2094
187
1746
1431
1278
2107
1496
1868
1495
45
859
965
709
1035
610
956
1190
2027
1580
381
1632
1837
895
61
2018
391
1942
870
275
1682
834
89
1467
322
406
44
100
2341
25
1018
253
57
568
1314
2146
654
726
402
2321
456
1083
128
1086
245
710
832
1132
1929
1573
921
1099
143
2025
66
677
553
434
190
92
1593
241
1989
71
1836
1853
1023
1733
74
1771
960
1855
1553
1852
547
2271
41
523
786
501
1089
171
514
2150
1810
1072
2210
922
805
1410
1418
2252
448
789
52
289
916
1269
1351
1650
51
1226
874
1184
284
904
344
1294
561
53
2
727
1152
4
269
569
295
852
762
627
847
367
1210
1532
875
93
196
1568
110
912
743
1656
356
1428
1545
2268
2198
162
1490
761
846
329
214
213
768
911
725
1543
997
1296
2433
796
2216
489
101
617
1726
1507
451
2157
1716
607
646
1715
640
2173
0
435
839
2410
166
1375
967
378
154
133
1765
207
475
784
201
2243
1960
316
48
734
426
730
953
926
754
1444
78
87
1163
1686
1267
180
1977
979
1727
2365
11
1283
1279
764
2454
909
1803
2035
1755
2397
1211
411
999
1862
1329
395
1783
506
419
2245
2328
624
1845
1742
293
129
1016
79
823
2213
413
453
2449
1552
803
430
1672
382
2323
21
148
1482
439
331
713
470
1848
257
1380
1160
798
676
449
1100
499
1265
119
1293
2368
2194
173
1485
1782
360
1285
271
1468
1889
387
732
1825
2335
795
270
493
118
731
513
533
1668
1772
2170
532
2000
2442
96
1058
2312
1483
671
889
429
702
876
1245
2256
1850
1750
1274
535
116
575
469
2291
1760
49
1097
1416
1749
1617
450
1636
2346
915
32
1218
612
2119
1164
554
1384
1355
157
2085
43
1196
223
992
1256
54
95
886
15
1834
392
1655
1338
2113
984
1884
249
1780
222
346
418
1592
132
2172
1422
1736
1900
990
1344
486
279
237
1976
1676
388
2241
278
1673
2224
969
576
751
341
520
1931
1357
838
580
480
1135
1289
815
587
1564
155
1253
1320
2345
495
583
9
655
729
441
161
672
164
1840
1138
202
177
1166
1118
1585
1586
1003
2203
1885
901
1448
2037
891
975
1170
1801
2285
2384
1441
2242
680
1637
240
1
841
492
47
658
1310
221
868
1927
1628
531
1065
20
2300
1276
584
1642
127
1806
1032
910
1566
1479
18
192
69
1696
785
637
591
1902
1488
2011
364
400
539
12
1341
903
1192
248
103
1939
853
842
191
1324
292
837
1411
745
318
959
1614
1153
1920
134
982
1342
1396
1270
1365
149
2001
1830
865
1894
848
1793
1859
1102
1773
121
950
1912
1743
1584
232
656
1475
821
477
345
674
1399
894
1162
1880
300
1955
1401
1953
1526
556
595
1286
665
281
807
1151
1460
1709
546
210
464
2398
1604
340
1438
1141
2171
647
2280
2227
902
696
34
681
310
159
932
1901
55
824
1159
371
2186
2272
2340
780
1769
1513
2309
1189
393
63
368
1882
186
230
440
2057
1511
1009
635
1400
64
1774
1835
1405
1829
1370
1372
398
262
72
2005
2251
2253
1451
996
508
670
130
1078
343
353
1313
6
77
409
1641
397
644
1708
2204
1767
1174
358
290
816
1208
327
682
2386
234
507
1332
1340
1997
408
2276
1385
476
1662
1497
455
189
649
1123
2070
907
2455
1947
1531
872
457
1599
1201
2067
73
614
2096
131
2283
386
2143
2192
2432
563
1273
203
1220
432
1434
1031
1600
197
175
537
545
348
2182
163
372
1224
1856
1833
1054
1524
1908
760
482
711
1235
216
1263
65
85
1918
1014
573
541
2046
17
2051
1272
1503
1681
454
1112
1024
2428
769
1827
2095
892
1040
370
929
62
291
511
1508
1137
905
115
2102
2267
1110
277
963
1321
1635
1415
1061
280
782
401
2185
980
517
970
2367
2003
433
494
579
60
1261
1228
102
2097
720
695
220
2259
908
1323
1212
1200
703
86
1878
673
2375
698
899
596
466
1933
2292
1571
46
313
158
1182
179
2327
2090
679
1737
1623
608
2130
490
225
2118
229
1934
251
125
1368
145
1832
648
753
1178
2169
557
1678
1429
1419
723
1766
8
2161
36
1126
669
668
328
332
2403
1414
1509
2188
2218
28
247
1450
165
1019
1867
1505
1557
578
1570
1022
1965
1297
2396
99
1914
415
1339
589
1090
283
2049
1071
2387
1238
1846
1518
2160
183
829
995
1667
298
1133
1791
302
1254
2152
109
840
1436
1944
2100
528
2195
75
178
700
2452
5
897
26
1383
943
361
1292
56
949
1828
564
317
2177
404
683
973
1814
1070
485
137
1453
1851
1734
787
167
195
405
113
238
425
1745
1986
623
1888
1057
135
255
452
1077
321
1975
550
1303
1442
2359
639
2419
1199
572
1326
354
325
1353
1815
1005
1777
212
2190
1654
2084
263
706
334
1519
638
1796
396
1309
2105
347
1492
1516
1514
1449
1124
1695
2031
228
686
1459
931
227
1223
1909
885
2082
376
1597
1042
509
1268
13
311
2394
1688
813
380
650
359
38
1454
2091
90
169
1237
881
2370
2288
256
1311
114
1039
1993
2207
758
2098
1549
420
622
928
58
766
1537
1134
857
182
1301
735
1038
879
792
927
31
2311
2181
1952
986
1130
22
1923
697
1015
407
431
126
219
1068
1738
16
1291
1021
1792
461
657
144
111
1795
2209
2301
590
1427
424
570
1818
873
988
779
1906
1764
147
613
1361
864
488
659
1860
1216
1215
168
705
806
716
2200
1500
106
108
107
105
104
138
91
1546
1424
1457
474
1844
1030
467
394
80
1489
124
67
565
254
68
1551
297
122
592
1691
1905
160
666
551
534
1555
399
2036
880
819
39
374
1288
