65
2126
1878
366
1779
476
543
271
1590
1996
439
115
323
1610
1322
95
76
457
436
677
772
322
34
172
1112
2351
465
1520
1167
232
1210
946
905
571
2006
165
153
125
1121
2323
894
1227
669
2450
1286
189
164
430
1262
305
2204
1005
1423
1014
2312
584
1483
1728
47
444
613
547
2004
1768
1551
1656
832
163
1525
287
846
398
904
1770
123
213
122
340
2426
168
1972
376
1020
693
160
534
820
345
212
81
821
2002
789
550
517
23
612
1857
466
1826
262
2104
8
1684
394
719
843
247
246
249
743
87
702
837
432
390
1148
185
26
661
454
315
732
2390
1583
961
800
928
2416
106
108
107
105
104
774
544
1820
1372
1200
293
1460
977
1899
30
473
1400
383
2175
1593
1211
2173
1915
766
1577
118
488
2457
372
731
651
648
1030
1673
1063
126
313
284
1051
349
275
1353
940
1586
2181
791
1973
860
1988
2277
1601
908
1248
423
579
1407
1133
1491
170
642
2372
96
1688
592
442
1896
202
2168
314
494
467
77
1029
117
179
243
1330
310
631
713
404
2050
2049
2048
2047
1064
210
127
236
321
295
78
561
1261
1346
2091
1312
37
370
120
1056
2391
870
268
468
405
964
899
199
1664
1380
1379
1439
796
1338
917
131
505
1092
809
1270
186
380
963
99
606
605
604
42
667
334
675
1493
953
56
462
859
1562
148
1821
426
997
134
273
1124
1726
244
480
1359
563
1444
1038
17
453
533
636
1442
83
2037
864
1646
599
634
959
632
2400
169
257
373
549
525
682
491
710
1828
70
2190
1558
2179
649
650
406
74
1822
20
755
48
955
1775
285
784
113
29
1806
519
960
1348
79
554
1990
1879
902
328
84
114
304
385
1263
2419
139
2271
847
458
892
595
1764
2114
973
1702
72
1250
794
253
100
375
687
422
178
2108
1413
149
44
61
220
875
324
730
715
367
35
2334
1506
1108
1751
280
1814
1756
6
1958
133
1041
910
1031
984
503
545
1037
479
2113
565
13
1016
211
851
294
382
15
785
531
1242
53
331
413
742
942
1884
1882
350
2122
528
1325
1378
514
918
1564
195
194
22
1566
776
1017
706
1723
637
975
567
498
183
591
288
2366
1576
1874
1745
782
2169
672
1629
802
57
1408
144
1759
32
913
2410
1962
147
27
2130
775
5
535
429
1440
381
50
518
947
504
52
485
158
726
1897
1336
410
1672
748
352
177
856
403
931
1134
451
1285
152
254
335
101
140
493
2355
3
858
2251
300
988
610
697
1006
1213
962
2013
1193
668
609
397
994
447
1515
263
407
415
1815
301
1190
2118
564
709
1623
630
1453
88
1319
412
1818
1341
2455
1697
560
347
686
142
94
490
469
484
353
336
337
338
339
341
344
346
568
1316
783
1739
1833
1834
1835
12
949
1043
85
777
270
1258
308
566
1236
374
1849
1059
435
223
788
472
711
67
279
787
729
1652
1246
255
1603
487
259
1830
795
1275
1272
251
1819
1321
880
39
1384
1207
414
1107
1150
1705
2
1468
985
424
116
916
952
538
1556
526
1135
641
124
826
217
237
477
111
391
608
1780
132
724
1570
54
1984
190
1255
829
2386
1162
1078
540
532
431
36
1138
207
250
86
18
256
103
102
1334
764
751
205
49
1149
497
1293
824
437
1644
1800
1799
7
1894
705
402
536
2109
384
351
887
151
734
735
733
736
1823
752
1337
569
470
298
1393
228
780
576
924
862
82
2196
166
333
143
2211
812
63
89
741
707
758
698
357
1053
1383
363
360
1640
1459
948
852
2347
38
922
2129
778
680
1404
450
1846
750
234
930
601
60
150
283
716
807
909
11
1989
229
662
1370
1357
920
411
623
16
808
230
1933
1411
1744
291
974
2083
368
575
979
980
312
162
343
2459
912
799
499
93
191
1151
1281
907
1159
1077
2105
112
2296
206
92
2189
224
1509
1507
2442
2117
577
1735
1039
167
1671
521
1216
1277
319
1431
1668
1434
1792
440
597
161
1653
182
181
176
175
174
1191
1695
19
873
674
511
501
1526
138
1192
128
332
59
1931
282
1473
1609
25
1693
529
1
1765
1225
245
1722
1035
990
1027
31
2313
805
1375
1376
1096
2145
954
483
296
1446
362
2398
827
379
496
2096
620
416
1176
441
2136
1607
914
1683
316
1328
157
1084
1012
1158
1147
297
399
645
41
51
2291
226
1079
889
1472
1547
2286
1458
2041
2042
45
574
867
43
1308
235
727
2375
573
1168
71
330
443
865
329
231
659
21
2456
62
197
198
272
508
996
1128
753
146
387
863
188
455
98
618
109
365
274
1911
2310
2441
10
1485
1845
891
4
655
2292
1070
1508
1351
14
1689
73
325
844
2287
318
317
1624
425
1269
1072
638
135
558
1057
627
196
289
1511
1239
708
1534
208
356
392
1355
1181
445
617
737
1949
1323
281
1113
478
1648
242
1633
1054
1516
364
9
1179
1219
409
261
378
1047
874
1228
1058
58
1427
434
355
793
0
446
461
881
421
258
745
1803
46
1083
619
1430
2449
110
968
80
260
1571
2214
725
2033
1069
141
2097
818
670
55
792
1118
2269
763
1565
1329
456
1836
354
1781
683
1850
1853
1837
1223
587
1981
842
600
1284
33
570
248
1497
320
75
628
292
749
187
500
278
1813
1173
2352
721
1171
433
939
1115
342
1352
1415
871
878
1902
1783
201
69
1524
1947
720
1202
393
1399
2324
489
969
665
203
663
218
1022
2090
1747
222
1788
1205
269
712
684
986
1923
530
238
68
1196
2273
1381
1767
1178
299
855
359
28
857
1238
129
1291
1288
614
1302
1793
1274
1023
2369
1129
1186
1502
66
1177
510
180
1182
773
