492
1653
481
1252
164
1493
883
201
2385
36
672
2193
1657
163
713
150
568
1624
766
1124
1104
1884
344
166
159
287
1502
263
459
289
417
428
1059
456
2023
2059
722
2108
944
1477
1931
2140
1115
736
142
616
38
2136
792
1758
419
1325
1498
370
824
79
806
2427
914
217
1489
172
1044
1256
576
1594
2078
375
664
1629
2203
1480
2141
2394
2097
518
1940
1292
197
227
545
10
2408
2360
158
1943
244
2407
1765
718
838
52
1352
912
1047
129
954
678
2181
119
797
1060
1119
1201
1648
2287
1360
967
2111
42
1409
854
990
285
282
835
298
508
1255
506
281
151
1221
2168
1474
1225
1086
314
1760
1158
1096
984
488
671
73
422
640
46
6
853
2212
51
322
1615
1623
925
852
798
21
1527
1376
283
1918
434
656
246
1101
332
185
1159
907
551
1464
1152
2201
413
89
624
523
327
599
202
1518
1523
1909
727
623
1719
125
1757
2063
569
49
905
2224
1009
1336
1534
769
770
1599
450
16
415
520
397
113
485
251
482
1437
457
945
1054
1306
1440
1637
215
279
1073
1986
348
2460
1899
848
2020
2367
1155
1481
2322
801
799
800
2152
1317
321
121
1363
753
1818
630
670
863
832
567
952
494
1278
705
170
2040
210
2043
1706
1872
1461
498
2010
645
790
2267
2266
791
740
1555
2401
1947
2403
933
1340
2323
706
352
600
269
368
1800
3
1227
2315
2198
1020
1911
970
1402
32
1972
964
949
947
958
955
407
962
1310
899
901
966
601
902
1169
2391
117
329
257
836
921
2435
1843
1433
1768
1154
607
296
333
1295
1174
1280
819
1334
2393
593
625
94
1443
381
2180
365
465
499
994
1114
2351
82
33
1429
1772
451
719
123
1190
402
1726
382
187
1928
1929
2449
864
1439
908
1288
750
231
2092
1958
2017
833
726
80
809
411
474
308
315
2091
115
918
917
1410
505
666
638
191
388
60
1070
673
720
1259
483
1704
139
1583
756
256
572
1715
1618
754
442
606
1660
1668
1263
225
1035
271
273
1865
312
631
462
813
1457
768
372
1535
826
265
104
2376
266
264
1248
2052
2304
380
1408
789
1247
307
1563
2148
122
2282
56
218
639
1393
584
1456
1812
1368
1269
1933
2346
211
449
1549
1779
731
2274
1665
2067
147
2021
436
785
1955
878
1198
1206
395
222
1162
1180
1277
929
1037
148
1829
2400
1301
53
275
301
2328
1049
1814
974
1411
981
827
983
980
979
978
226
874
1042
1841
2321
647
445
840
2071
295
1516
23
310
22
2139
169
1061
325
409
996
1545
2205
8
2292
2166
59
473
343
124
845
2265
951
1501
1736
571
1735
1738
1739
1937
141
390
1286
535
739
1780
160
2022
1866
734
63
627
5
228
62
2210
1515
1642
1272
1961
597
66
1289
302
2397
1063
1200
186
1446
942
2291
1688
763
531
1254
444
648
649
650
2054
1670
88
401
2095
1895
76
977
34
364
1435
1786
2226
663
971
245
320
1298
882
1127
948
1400
1250
1354
132
1324
2300
70
920
608
1072
2190
772
865
1438
1268
1903
1820
1902
2195
709
829
1182
156
676
1202
1274
746
1488
1720
461
986
1926
86
1924
2144
1067
1447
2107
1649
2406
1767
1270
1441
1287
167
1799
849
577
1079
1508
1509
212
2121
2120
1223
820
15
1868
887
1606
1137
1260
1378
2179
146
692
693
501
140
509
1228
1769
426
682
1113
27
2065
690
691
2225
2196
674
127
126
128
19
1867
1377
1081
1683
1242
1681
558
453
1680
1679
1678
293
1105
220
221
1565
1566
157
349
255
642
536
1832
1261
1835
1374
1021
1372
1370
435
1303
1490
1164
2251
1805
2254
1015
610
697
2293
1017
1031
1253
377
303
504
45
432
41
818
658
144
1580
779
93
1103
1010
923
707
758
698
935
2358
873
2411
2410
234
240
862
817
924
922
1551
1890
138
1193
1192
1424
701
2041
2042
341
340
339
338
337
336
335
254
534
533
83
182
181
2001
177
176
1466
175
174
173
1191
1910
514
1001
1863
135
253
939
745
744
331
1258
2013
2018
1778
609
1596
1822
1168
40
1151
1153
1029
47
77
387
760
1018
828
1894
95
2256
1971
604
72
1066
1601
316
633
1431
1469
414
1302
2154
13
881
1134
297
1465
932
1621
1622
988
396
2320
2218
12
350
575
574
277
1570
466
2370
861
309
1919
421
258
850
1690
1454
109
259
1422
1420
1108
1418
1417
1416
1415
1796
440
2281
262
439
433
1195
992
2122
469
885
423
489
1361
85
116
2437
1788
1790
195
1109
2232
891
1387
162
2313
784
2086
69
1700
1764
1401
1283
2308
1279
1725
1179
904
61
1976
1957
37
675
1327
2359
1878
2396
2035
1484
590
528
1022
1819
1342
1157
324
934
1436
2364
2432
1795
1058
1463
1916
1110
2245
385
803
1175
841
25
403
669
688
1641
48
1717
890
1482
84
2100
858
2081
2440
1640
393
216
376
136
1048
2075
358
357
418
1897
497
553
1939
378
196
408
897
78
468
1099
102
294
249
420
618
620
621
495
477
353
717
1396
1650
1453
1530
563
1311
431
1785
1262
260
628
219
1560
589
1122
1471
997
11
476
2357
14
913
695
694
208
206
205
204
203
579
250
1965
114
1775
1513
398
100
207
2301
1537
857
2115
540
39
4
2038
1975
926
2202
893
2158
1041
844
318
317
161
596
1930
564
1312
2450
2356
493
875
1413
585
1505
1526
55
1328
2269
30
1330
1343
1836
1344
1837
1213
1844
1845
1846
1847
811
1849
1851
1852
300
1853
1854
1855
1856
1857
91
90
816
437
2046
1036
2049
2048
2050
92
110
75
1970
74
1673
1672
668
1131
762
71
2228
2294
859
359
1068
975
261
1667
242
1309
946
1550
491
519
134
153
278
1782
1692
236
241
2087
683
583
2381
1734
1034
2409
723
54
252
1444
362
20
2454
356
2
1458
2079
2119
441
615
1487
1350
351
667
2249
194
2209
812
346
1761
1276
237
484
274
1546
1753
1554
1025
360
65
179
1071
373
839
909
1885
814
2153
1139
641
1208
1147
793
1588
1983
2234
617
930
872
189
1751
323
2303
464
87
737
454
724
1942
171
1589
400
1525
430
1529
1146
106
107
2222
383
1578
860
681
1710
1709
953
773
684
1571
969
742
751
369
443
767
529
592
644
1222
99
475
2309
557
101
2163
1581
389
1478
1470
738
2085
1132
342
1320
1077
1659
2090
1675
213
367
1512
2252
1625
330
815
1520
2336
1300
1141
192
1057
17
573
394
299
2030
510
486
347
28
2219
406
892
963
1517
319
1224
1364
1774
120
404
699
842
26
1046
843
152
876
1030
968
1038
229
629
1568
111
1609
1842
2069
554
1784
1804
1171
230
1695
2149
2182
44
1398
526
305
2057
2338
2114
749
1740
702
1243
1573
183
1353
143
9
1964
1
1095
1610
2428
1925
915
1133
780
1685
646
1116
570
1271
31
1375
1358
168
1245
7
1951
198
748
805
288
311
238
1948
1949
1183
1053
856
794
190
178
50
1355
58
995
1723
2261
781
1211
1838
247
1880
2459
555
98
1562
1810
871
1528
424
752
595
786
1293
313
2211
515
605
1729
1284
1619
137
131
416
480
0
490
2271
538
478
1187
700
18
512
993
1040
587
1486
1981
472
517
458
487
361
1434
467
149
2118
35
1574
224
1000
81
2235
2157
448
1065
1184
1027
1425
894
193
1351
524
43
1455
1356
1491
1307
619
1514
1593
1766
1592
2053
438
927
1701
1747
1197
155
1662
363
1308
546
1978
2070
643
105
108
2036
1051
67
941
982
57
1807
2005
2072
1412
1381
796
598
774
1656
2334
1898
1050
455
830
1712
2272
1900
1052
2333
180
2116
1138
1901
1313
1874
1687
733
662
2170
635
1078
2172
1966
1646
2110
1106
2447
2009
1858
1170
243
2404
1684
328
550
199
888
427
821
1167
712
1076
869
1008
665
1652
611
1984
530
1468
1092
2083
2238
112
1314
2326
1921
2133
306
2131
